NEED TO IMPROVE
- Stabilize power cable connections (both for motors and m2).
- Organize power cables so that wheels don't get stuck.
- 3D print mWii IR filter holder.
- Add more weight near to ground and back of robot.
- Prevent 9V battery from flying out.
- Fix rf communication
- Fix second robot
- Figure out why it occasionally moves backwards.
- Perfect the corner turn goal.


136 248 135 995 323

152 281 146 997 315
159 328 182 998 382

138 505 323 1000 203
161 547 352 1000 259

131 460 222 1003 456
143 522 281 1004 540



0 0 0///488 1022 970///346 1002 985///311 994 796///300 993 654///199 980 844///252 805 805///158 671 735///286 588 680///245 556 560/
1001 1000 390///779 1012 335///466 1005 482///366 997 582///237 992 495///236 989 417///249 981 431///179 764 380///264 739 405///258 604 406/
993 995 235///891 1003 243///509 1001 285///386 998 361///305 995 374///240 987 363///178 974 319///230 932 331///289 805 310///249 717 281/
986 989 214///716 996 226///528 998 242///417 995 276///409 993 294///280 990 321///235 990 305///153 823 268///283 801 278///278 685 268/
974 987 231///559 995 213///496 993 222///414 995 237///400 988 249///362 984 258///348 981 283///292 964 262///306 825 260///278 705 257/
834 968 210///510 990 221///464 984 207///400 993 212///381 988 249///343 976 241///311 969 240///291 944 242///288 860 246///276 750 259/
741 858 210///455 978 228///435 972 208///411 983 221///376 981 227///318 970 237///289 914 252///271 868 256///300 852 243///278 772 234/
655 775 223///474 836 207///412 974 224///379 970 219///329 981 234///327 947 229///294 836 238///288 771 232///294 763 230///278 772 234/
612 680 201///435 752 223///388 753 205///351 819 202///352 913 211///317 843 229///300 792 212///269 717 246///264 725 240///285 664 226/
540 617 211///422 663 202///403 703 215///330 702 219///312 815 224///311 798 210///305 717 221///285 672 217///259 665 240///259 611 206/


T_L
0	488	346	311	300	199	252	158	286	245
1001	779	466	366	237	236	249	179	264	258
993	891	509	386	305	240	178	230	289	249
986	716	528	417	409	280	235	153	283	278
974	559	496	414	400	362	348	292	306	278
834	510	464	400	381	343	311	291	288	276
741	455	435	411	376	318	289	271	300	278
655	474	412	379	329	327	294	288	294	278
612	435	388	351	352	317	300	269	264	285
540	422	403	330	312	311	305	285	259	259

T_R
0	1022	1002	994	993	980	805	671	588	556
1000	1012	1005	997	992	989	981	764	739	604
995	1003	1001	998	995	987	974	932	805	717
989	996	998	995	993	990	990	823	801	685
987	995	993	995	988	984	981	964	825	705
968	990	984	993	988	976	969	944	860	750
858	978	972	983	981	970	914	868	852	772
775	836	974	970	981	947	836	771	763	772
680	752	753	819	913	843	792	717	725	664
617	663	703	702	815	798	717	672	665	611


B_R
0	970	985	796	654	844	805	735	680	560
390	335	482	582	495	417	431	380	405	406
235	243	285	361	374	363	319	331	310	281
214	226	242	276	294	321	305	268	278	268
231	213	222	237	249	258	283	262	260	257
210	221	207	212	249	241	240	242	246	259
210	228	208	221	227	237	252	256	243	234
223	207	224	219	234	229	238	232	230	234
201	223	205	202	211	229	212	246	240	226
211	202	215	219	224	210	221	217	240	206